001354960600871002405209317837946251009030600504108703318690425940013876050082030
260078431804263507735000608047680950950407080328150704580794016492806075670005800
941205006365091074080436519020050061016904723709012050653708190072169300190503680
910634527635000009240500308501347892300206451482159030824005610003800970796403085
070000865956478213300650940569714328017836450840520071492087506000900080785062090
320008004054793208896004037008071052265839071013540986080325009032907605079416820
310946750700005219009201400438600520195000800607518094246850073980732605573164902
042005796570460380680027104023641508418000963700090240134076800006538407857214039
967083420400570906582604070104720090096008712728031600845209037200847069679005248
200460973040002801987530402804100325739040086050083794473050219091327040528910037
073081502602053147045672809097005410426098075300060298730200650210040783504037921
657238041008740005030905287800400702760013098540827010371680000095172836280354179
760289145082457936945030027200700368000300591310090070090062400834971652621043780
903010006671003842850476300465180900317204605090005174184620037739048201520031098
384267059150348670720901843018006735503782090000000060492870306630120087871039504
981253406030986521652471983005007348006342015473508690060104807300800000048730260
201750064487096530500842701049268050018009200025431007902614300174380620836927010
069400301210900060700361900107684009942513607650279043096740018421890035805102496
021457609896020745007860003968170234710048950450936800609003402034702508205010397
768492351230517689591083427900834006183065204400000538010379805007108000859000013
580741960067009084094860725671498530958200010000107608035912806429605300016370059
090345168510967030046180705100038040000200017630714852071853026480620973063479580
070349251429615007153070000981407500765003109230951006608090075397580410502034968
983702601002364908460189730608400275500000019190825460350046107001578306006913524
602801047308247651740065203073124068026783004184590732065078409007459320400000800
418602597967051230230794168000507900502913076791080453024060785800000610009078342
408000269539820740620470030347560900105204076862900054906705400254603180083142695
340207156800065030561904700218076390050821407406003201692708513104052870780309042
492578000561390827738200495803906572640852319020713640086009754200005000000430286
607093508592810043080527916054370009901642385326980070130260407240730090760150002
600590487508247316007186000064850170005761209019000800476320090952614738100975624
600785032389204751020093846500916403140037000036542108860450200497620315001379080
507396000321000065049002738004507389753984620910063457105679840092005170076801093
702839406089657230000241009654028000820075004307064528906782015230516907170090862
480007213721360895395020476000603750578492601002005040000036587807510024053748169
907003016562801397100079254621705408083004569400386170359062081076000040814937005
908031240231804579604900108795043682306090457842050903400310895189070020003400761
053174026100560390080293051060040509749350018501689400810400967095810243370926105
076305940004906030908124567345891706060047309002053481089732604017568200623410000
002038940064970180708100630270500803001293506536700429987010204615427308003859761
064097810708451093910820057002170540100035900005284301476918235030542760200703184
104928607086340091207000003900036504658014029700502168870059032320471980069283715
083064910200519003000873600040698230935721468628305179409102786072000091016007324
050103604008200190164759038493516827017420309502907061036805002820091743041372000
509638071000015369036049002451802093207361005603950017360107958075483120010090734
693000748000007590105908362284070906500401823309806407900052674426789035751034089
008025604560080290249306708430690085082051346650803972004109507096574803300260419
208193456150020890904058020615382000420967581890010362760001935309076014500039608
509123700431860900076590031740602000165908273923751468312086500854000600607215004
100400789057108402894273516009682301386700020712500048900315204201900857465800190
008324100060851070104090258281475639500138742340209081629580400070910065015600023
258006903901387004370009008590000187837105249002978056080692401120843705603750092
260000983357904106000326050083152604046798031120040070030465719495210360670039502
830002650400673128201405930176020345358741269900356071000900010700510490010264783
060934000030802400708516920806420390403607102507301846089050014601048739374069285
590361048010200309830904005768023594100796000920040006306417982201609407409852631
030672508760005412590040076273006051410008760800713904087054130040169207901387645
310500090060013025275896030030002678527060904690740352702189563103670009956034180
010957208580021000029630507804205906203740105900803470190306854708590301635184029
080573619753916842610080003900025168107300495568100207290030784300857006070240051
468539007729641538135782096090850704200103965500000000052397640010408350040215870
354720000807930004201045073040287136013096040608413007176854392002300060439162780
800162003697583021020094008201359704030608000450271069006005137512037840374816502
060017405854096271071054809540639712193700500627581394209008000405063920030900140
010098730349675218850203946435967021001500467006004003100059372003000189098301654
317526004000910703946783015479832601000407328283601070604005802795208006100369007
790000458032500907850794301065940082070285613328100540010400036640831075580672104
051602987637408015002170406270816049049500300568300701780253194315964002920700000
423050080107320650806490201008561429564000100219043065641035792985204016002619000
495721063067035291230608405000076948009000530008049612100907326053004189026813704
000981540090704002803526791009600120031450806764208300428307915307102400916845230
001078239008050706270193400367580942025749061104236070789010604400967103010824500
245700098680940200190020064820000610036408527751630489468007130379006842512304900
009502843478613925025900716004090200053407091207801034080246300006159082042738160
481269057392150486567034129000000670079320000020406000038601745716540908954700261
158009600403576198760138205905027860340080529682000317834062901000000082201054736
000400135018020064043006098062847953089135602370209841851790006034082517600351009
003000480610830792895420016009153820200078054587240631106300049940516203350794060
045186327270300418000470906094520061652003004008004235127900683009837142403260079
370502809095030042000906050089053107503609428407800035934705281728014096651200374
040037090590416807736098415900300156200050083603780920387020569409865071000973248
745080093806931705190754006059000200084009307070428069562847031938610470407300658
210094603095620018037500940026830400504900831900417526802070000751240389360158274
657020000932804060481050273890601032710302854203580609304765901568410307000200546
089020503061540029023009470012030007800097360000165284054072638378604192296381045
500070300200896040794200081005680204301009876468732900837420169159067028042918053
160309254350004981480502003036045712540020830700190546090038167000076425604251308
601008043470032986983045017719024008032790004560803029007380405008069372340057891
086049257297051080053007691320405806000086004804002579905213768708064002602098145
010076480795842063860019752100690327030008940609037508052961070000754230470283095
030051090507843620082907543328670405740305980956104007479500302015406070803092054
630401072719805040000006010085912367070048251261750804850034720192587406047060085
459628731861903052020050809087090643536240098190836020010580074070310006340702910
051768004780020906032040187000016409203097015019035672096173248148950703320600590
800170406097860503316000028645037009728019630901648250260080070580720341103950862
907026035163004028850730094570049286436205917098007453625073049010068000084050360
608010002035627400102800536507060200381270695426905701059781060863490150710306820
123470056748026391006010002267084035815000079400051208384090617002007584570608923
358247169179863502260159783003006010702000450506021090800605920090782601601904870
800057104074923860562104709380406271620500948900072306056019483790340610410068000
978510406053640100416000200701984503382751964009320801130260085800400019690178300
082067143960234057740005096109640502405091678036002014208703000007409085094856701
745361009390050106081920053263090000054687932900010560400570308537849000829136405
000210904349608152512004768490002316700809200256003070920037681603020597105986020
839057201000219300127438056076594000582300090941060035010780069700026183098143027
241500096056048130308602005610005283572080619983061050109070008407059361805106907
264719835513080079807300402756192084421006057938040200670028100049651700080003040
005060094276140800430758160612507483307080219948000607700925340504813900003604501
107452300956810007243000085561200078874900200302000641039546002600320790428197536
002340975541090326000000408639075801025084763487006259300429007054708130278010690
301700295980450031752039800123900650095600342467523908518206473209300006000005029
495638702738020006021570083916305278873009054540807039009702000204150800080406325
672540319504900072093271460426719500980364127037850006760400001251083700049020000
064902007012034900803607421138040296000168543456093700641309802270480130309000604
596247130872300946341006700017062053400809071680571004060793500200600417058120309
261000350570600218083001746420190680659082100108506904795010462300725090002964507
500287060627900804398004710050091030930702185014008296279106000465809301103475620
057090842893020070104850693070000068305246709269008400940375186008900354500481927
673518492049063785825094103701806320300001607002340908930080070010072509057039046
890075431015820096300910800624508010080341260500062048963180500208036179107059680
692003748503487026040290153320005087908032410075010300230570060106324579750860200
487015062936420705520700000365100820194852000802030159749563280250081076010040590
573620009260700035801030276752390080100462907090807003310986542920143700006075391
607930400903004000408060910781540290245608030396702584062485079004179802079026140
253069017049237006786501209927008160030076025561090003072005090315024608698003502
241803965000010738003950000406129307000305001310784659538601472600507010174238096
541278396000194527092063004000027100020015003185349670810700439250400068403986201
500028090009506130460037285010294358950800602328675904173402069092001503045380700
060312094970084253403579016749168325005207060210050087000736040634090502197020600
060419208429857630800236000348901025902048003071520800086300057200175986705604012
010873006089160237706925008908017362001000954020439781200000140804291603093046825
108764509706325400050198300800430057310856090524017863073000942905273600200049035
784325601060008200000600487607031528542097130138562900400003805079156042310084709
075490306600310059020006104809675231352000867706823945401207500530960002297030018
432650009078439500051872630840710256025000743763020098307008005200095367510047902
134802706920010058007906321610794530070060904095083060809400073340679815760508240
030200504582437010009050023416572398728013465903600070800740230300100647270369801
407080190102009403003001280728496350305008947900073628206830509839215004571064800
010804000300651078008790061179000845030517926625008013981076032260385100053129680
584009231607003980019852040192048500458097123703500004835006412900200060276100359
624739518810540769700610043268900451530260907470105030000321000182000306347096100
807620400051470006496815070005986710129034568068052304913008607072390840084060009
240007631017649502658020094000500109591030807872016045026180053185000470934700218
580072196030400508092185074158739060006241805043568710820613000367050281010000053
508020160210008430046513280020950804984137520005204090067341902350690048400875603
038271049010094073490805001009780154125009086870156000080427610006508307751903428
650174098030865027800090061068003009470286153100450076084607915010908032306021784
000007203302894617607120008004962051069701304128000900973010460205076139410539782
050310607127406309386907405563004871070580204248671950600000748012709530000865100
072560013300700890168349700407005109013970045659004237701203504200150308536087021
147290803983040075620307901058020310036710594400000700810932050079604182562071400
240895713030610925509700486100457800495306002300001560071043658850169007000570301
246910537000002619301005204905040126000680395063009740457193802012850970809076050
103007602800020793000603801705240169968530274400769508002476015614000307509300486
604000208179600053250314090543060002817259364060437180390840027000503609405976001
613074508905638104002190706068401950500967813097803000400712065050009081030506479
020450900514290600976018524600140239150632740432000105701583492200760000300901806
300400201572009408140208093260000040450906007900745106734092010615874032829510674
500140000310052708627080104843001079005039821090870063951004687470096300236718940
650200000321800450809375016093762841708450623000183509170608035400930762000527100
713605982490720003620130405862910350539280706004306809081000537057800640046000098
074090325283054976950703048000036014437000089618479032700500060025067401300042857
405197300080504760000002415031059670027008931094371528716405890040003206003980147
316248000284095163709031080530186070807452310001309850020060700605803040940517608
006003185125086903890007026287060319409370258300928047970010534600705092530009001
728004603050830070143276805501060942296010530430925160360100420910000786800649050
058270064002346850043850792839625007010907635000010200985730000471008900306194578
090240736026907000040105298002713850710094620453826000504072069039081475001050382
030600708689573004257481906940005217520014089870290003000907865700302091495060370
520806407083900602400215903095082041060103508004590306952701800608329175700408260
030760005078315900520000371710628000960407158384590200207184039090256004641973002
894005061370012459005006080458027090700080546060453802027394618080000924041260735
308069724217000960496257183003800400504003890001504632609430518040085379805901000
080907314194830200032016598800500041201604983400301720018250470905708032327009006
000528930001370560530461827170980205005002370328700100052034689960807012810096750
004869003620007948008204176567000001089040257412503869740182000051090384090035712
867500249401692000390048605739210468040069372020473001010000830984006057073184006
601070258002186794070092136513008007027305901960741020736254800040007502005019073
500679124741508906902013087400750018307184050800396042604230890059860400100940200
405008096090370008871509234020090000600415972759632841010756009540083607967040580
520079300973045210000301059012563004700018032064002001135006407287054163496107820
295614073471003596083057104069000042138400657042006980910008265350240708020000409
970318050418570390536940801300469518045127963069000007000734200080295006003600749
084000365607000189095610024906204807213890546048165902009000470572301698000089203
000060952302095804958040063820014579090007608476850320030581490600923180080406235
671000485890105732052400601048079200269548317000010849400201500923704168017030004
015000967903607205060080431604875310320091576501362809286100004107900003439720050
019860045025740890860905300456302901098157460137490002902638154643009008501000000
813569274264870093507340000372406105645030000081250036020900310038614052009720040
500210067270590300814376005905030028763020509100059673301900700697040032402783916
708020403305490687640730259000003072000215936200687045912374508580060000407852390
600075039400689015985123400130248560800097321507300040308704600001956000796832150
570961030016002495302005010950300624038600901460020378023804567040256180080170249
574300061090412350301765894065200000239874000710536000082940175043150028050620039
005374890008612040240005170004291507810507409009438621000000018301826704580149263
086010743901037560327560190005379201790620054213405970100708600600000805052196037
628509070301860905005214803167308092482075306039126000904650280850000134200481000
026953071030706980719004030195680300302541869048092517087000190063179000900208740
800297510950410300216538009078062104000170258142050600095700803720083940483025061
056000834984030760007864029075641392419382075300507018640008907591400203720050000
000537428000410396348600107020850970159070604700941035567004010802005740914083560
048950327650832010000004658035001089086590230700320460500000102913205806862149570
527410938310075240068090071974601053850307092000009060291764305005000629600902407
001020437084600210709003658003962781200057900960081002896204375105700800402508196
001400789980072610467019235170036548536104002248590001603040807012600400094703000
059280731000000964071093528943862000180359640526071893290000015700000086065020479
371000256495700138826501700500903410032007685000025397000058000059374061748196020
004879532859236007700001860180794256400000700067582000571008324346100080008345071
467800290832900056591004087000009000284150009976042815153628004600507123020410068
098710230260803479070900851027098643054000928309240507702681090916300004830070002
050314908049578030318926074160040789090067123002193400706431000900650047034000602
750490861962381050040607092570800600629005480001964270837209046016508000095030120
081090304400180095590004861075863009840209573130040206058901002710602938002430057
045370290800900035000852000057600921200540083080217406768125049120483067504790810
302785091051294803090060200140650702900018036000027100210076354070531928835900607
804106792007309145590200683056473800218960037743012569000624000000508000480731050
005210349000740500412009867049057081638921075571680900800163250050890000006475098
789016234050000080603402709007890120061320800528040397200050410875104002134260578
105600083400000000680970245950867310701293050832410900200039600306184529510726430
394007562008300940060920807000001450005090273430752010806273195957608024213049006
096702308708954021400060957970080436084600200061043089040005093120890564059430102
069481025401650300080300461917060832600908057830017946703106004056040070248705003
060070403570490021080023650090764005010539284435210076028647519107000060009381042
109073640034689017006412938070250109495861700600397850360100405000936070900740080
412000805650148329038072400043791602091624530070085090304207908709010250125000040
230760914714003860000145327340900100527000039001630002650070241090501786102480593
970140300504083627003065149002891536395276081060300902630000800059008703487600205
173640892094002000280091450857163900001407000402080001720354006645218070010976245
268719540479630008350820900895070004106053007703086059014300060930567081080100395
597002016302710008000495203203647195900050842104928307405069781000081604060370500
420671309301429650009038020760900513094307260203805974006180742042006005830004006
109384560367519200500007090980401603470036805603072140000108036806093052034625008
900680530583940607026030100067050400034016059105004063008003941642198305019475086
300850701804671329017200000140000675506047002273105900765492813900013500431500097
958030106427165390063879542070398451005007689800001003031702960004900205096003800
091030650673051290504200731407508962958300040120974380000003829009625473002700500
470825061901346080508907043010652870680009025750438010840703050207581030005200790
830920501020150839051000742083796410170305020495081306508672003710539600360000007
578120009049867500002539048281095000457286103906740005065073421000012050124050030
050870609048016230036054710807400506400520070320607190619048052283105460000362901
093800060567309408201064307600273149029040053000985276016752034900038010345001002
032954000008020075165073200026000517590017682807562003601000730409035128283700956
620753801010608752857000300348167009100080037705302180080071203431020975006930410
680092100239541780040680239068029000010004620070006913754068391103075064890003072
840020035012375980003000601930061570078053010560740390380617249096800150027004863
010008659407009108000013704281390540736154092540280316600030000903061475158040903
854721069701500084900486507006003052305004071218050436587642090109070025630090700
006050214002186530051294080600001308720539000134020075203815497510700060847960103
002400108108003000947006230800047306090651827716800594654318902001094603370205081
092730410040806002615094783039100658560083020100500049000471230700359864453608900
