814632795936475218725981634458163972391527486267849351573214869649758123182396547
493518627172643985856297134364859712987124356215376498741985263539462871628731549
538261947621497583749853261862735419354912876197648325973184652286579134415326798
327854619845196372619723584768412953954637128231589746492371865573268491186945237
126845937438796521597312684359468172612973845874521369965287413241639758783154296
678152439321849765954376281145627893786931524293584617432798156869415372517263948
519762438486153927237489516843517269695238174721946385374891652962375841158624793
951826734284793651736541829578934162642157983193268475417385296825619347369472518
342971685869532417571468392658724139917386254234195876423857961185649723796213548
419268753532471698687395214825614937194837562763529841958743126376152489241986375
512768439947253168638914275824637951359821746761495823476389512193572684285146397
854932716692147835137568294371659428925814673468273159249381567716495382583726941
569473821287196354413285769196742583372518946845639217931824675624357198758961432
781364259642159738593872164318645927954721386276983541125498673837216495469537812
754381926396254718128769354687945231539812467412637589243198675865473192971526843
918542673352967184467831259285314796731689425649275318173458962896723541524196837
139627458827594631645831729263159847958473162471268395582746913316985274794312586
493215867785639412261847539914368275638572941572194386856421793129783654347956128
691524873234187569875639214312978456746315982958246731483762195567491328129853647
841367925526819743937542186185496237492738651763251894379124568258673419614985372
247361859395284671168975423539628147412753968786419532924836715653197284871542396
869741352217935684543628197971382546352476819684159273426817935135294768798563421
438721569516839427792645138169574283847312956325968714674253891951486372283197645
319258674864937521725146389193425867247681935658793412486512793571369248932874156
913457826486129753725863941654978132892315467137246598569731284278694315341582679
854237619697451238231896745786914523549372186312568497923645871475189362168723954
986741235134529876725386149457832691368195724219467583573214968891673452642958317
143786925258149637976253481625491873837562194419837256764328519581974362392615748
574839216389612475126754893758946132912378564463521789647283951295167348831495627
175923864498167352623458917759281643246735189381649275832514796964872531517396428
635791248289456731417328695396215487754839126128647359562183974841972563973564812
319462875275918463864375129642753981157689234983124756531247698796831542428596317
892517634573648921461923587329154876746289315158736249214395768635871492987462153
718263945264915387593487162642871593971534826835692471459326718186759234327148659
574329681293861754816475932635287419147693825928154367769532148482716593351948276
641729583932568471785341962817234695359186247264957138173492856428675319596813724
826157394791436852543892761689513247257648913134279685472961538918325476365784129
465813729728459361193627584639175248541982637287364195316598472952746813874231956
471386295395124786826759314539618427164972853287435961953841672642597138718263549
537948216981326457642157398476891523295473861318562974759684132863219745124735689
893246157412759386675831249569123478734985621128674935346518792251397864987462513
769518243532974618148236795316487529987152364254693871625841937493725186871369452
927318645861945327534762981612597438798134562453286179245671893376859214189423756
562918347138745269974326851756294183289531476413687925897152634621473598345869712
354217896619583472782694315573462981291738564468159723137825649825946137946371258
362195748157468923948372165519283476834716592276954381793821654425639817681547239
193764825845321679267859143684293517531478962972615438329186754718542396456937281
142935678875624193369871524698712435457396281213548967984167352531289746726453819
819264753347951826256783194634512978528479631971638542785326419463195287192847365
742536891189274653653918742978345126261789534435621987314897265597462318826153479
264951783315678294978423561431289675597316428826745139643597812159862347782134956
937816524824375916156429837379261485481753692265984371742538169513692748698147253
759431862648729315312865947231946758475318629986572431567193284893254176124687593
613924758859673214724851963241387596976245381538196472392568147167439825485712639
857612394634759821192438675478391562329546187516287943985174236763825419241963758
937216854458397621612845397521463789796182435843579162379621548264758913185934276
963248715782591364154763298345817629627459831819632547471386952296175483538924176
619258473532174968748369512825697134471583296963412857287935641396841725154726389
317298564654173289982654137723865491461932875895417623239581746178346952546729318
976842315521396487834517629347185296218964753695273841453629178162758934789431562
796281543351946782824735169145628937683197425972453618569312874218574396437869251
912637458743158296586249731194726583865413927327985614231574869459861372678392145
678149325491235687253867914186473259547928163932516748724381596869752431315694872
498367215751482693263951478382514967546279831179836542927145386635798124814623759
457932681639817245182564973541296837968473152723185496875629314316748529294351768
238641957165897234749253618817932465954186372623475189471569823586324791392718546
784231965126597384359468217645723198897615423231849756478952631512376849963184572
462187593391654728758932164185423679643791285927568341519876432274319856836245917
291783456867954231354612879749128365528367194613549782185276943976431528432895617
814256397352791864697384215936428571481573629275169438723815946168942753549637182
841327569325946817679158423783512946216479385594863172932684751168795234457231698
567439821923168754481725396748612539315947682296583417632894175874251963159376248
654183297723694851819257463145762938268439715397815624431976582982541376576328149
681295473354167298279834651416729835593648127827513946938451762742386519165972384
738421695514936872629587143951874326367219458842653719495768231176392584283145967
134697582297458613685213794459371268761825439328964157972536841543182976816749325
976834521425176983138592476682945137793281654514763298261357849847629315359418762
984567213165932487732184569513426978826795341479318652651279834247853196398641725
936751482214968735587423169451872396872396541369514278128647953793185624645239817
278163459416895237395427861531984672924671385687532914163259748752348196849716523
951732684724568391863914752189653427237149568546287139418396275692475813375821946
874536192539271864216489753148627539753914286692853471461795328325168947987342615
145382679837169542926475831251637984379248156684591327418923765792856413563714298
572389164468175932391462785957816423836294517214753698723641859689527341145938276
637289154985146273214735689392567418851324796476891325763918542529473861148652937
523674891897125643164389572275968134948731256631452987756293418319846725482517369
317826459492351867568794123783462591621589734945173286274638915139245678856917342
275913468193846257468257931634189725719625843582734196846572319357491682921368574
296781435538492716741635829963524178125867394874913652459178263387256941612349587
567143289298765413143892756924516837815327694736489125382654971679231548451978362
792845631651937248483621795129356487345178926876492513537289164968714352214563879
369285471478913265125476938912754683846391527537628194683142759294537816751869342
458137962396482157712695348524971836139864275687523419871246593965318724243759681
983647512547192638216385794394816275621574389758923461872431956469758123135269847
896721534732549681154836297349215876621478953587963142268397415913654728475182369
967382451825416739431597826684251973159738264372649518513974682298165347746823195
562347819384619527197852436743596182658721943219483765836175294971264358425938671
627413589548629137193578462875162394239847615461935728384791256916254873752386941
173852694958674132642913875524196387867235419391748526489521763736489251215367948
582164973463729815917538642849317256325496781176285394254873169638951427791642538
